0 0.534183 0.503487 0.0227194 0.158577
0 0.439634 0.498432 0.0223665 0.215636
4 0.979737 0.527513 0.039164 0.0655029
4 0.860328 0.66324 0.0261536 0.0366239
4 0.440329 0.64948 0.0316588 0.0417593
4 0.689362 0.967636 0.0298815 0.0390386
4 0.651577 0.970136 0.0310314 0.0415859
4 0.618621 0.970207 0.0320868 0.0403588
4 0.924008 0.650687 0.0316254 0.0313504
4 0.491123 0.969842 0.0370808 0.0387869
4 0.989104 0.686372 0.0214901 0.0386128
4 0.976795 0.971068 0.0287879 0.0376677
4 0.406973 0.536086 0.0379414 0.0548915
4 0.913417 0.430689 0.0298035 0.0421388
4 0.9482 0.545688 0.0495308 0.0678361
4 0.966979 0.428493 0.0301607 0.0476628
4 0.967775 0.557678 0.0331213 0.0531891
4 0.819948 0.442382 0.0240502 0.0409442
4 0.988935 0.649026 0.0221295 0.041671
4 0.948747 0.645875 0.038007 0.0450448
4 0.852493 0.649176 0.0327881 0.0412371
4 0.271314 0.561205 0.0263824 0.0429195
4 0.221906 0.566621 0.0261613 0.0397175
0 0.445018 0.791043 0.0231637 0.0682171
0 0.373481 0.901171 0.0283516 0.0641123
0 0.524468 0.786877 0.021485 0.0578779
0 0.43652 0.49319 0.0253882 0.20888
0 0.533727 0.4781 0.0238084 0.219554
0 0.337456 0.906538 0.0273465 0.0550208
0 0.276626 0.050005 0.0362562 0.0874788
0 0.478082 0.555952 0.0237778 0.161361
0 0.472771 0.958828 0.0178129 0.0477051
0 0.395766 0.959655 0.0185515 0.0522549
0 0.477054 0.471832 0.0248554 0.162614
0 0.315087 0.939773 0.0407037 0.0938748
0 0.473455 0.949437 0.0203379 0.0517073
0 0.39676 0.950369 0.0200837 0.0529796
0 0.4777 0.457349 0.0235781 0.172529
0 0.476577 0.455499 0.0261683 0.171665
0 0.473682 0.945942 0.020167 0.0521582
0 0.396523 0.948236 0.0204658 0.052083
0 0.477677 0.453691 0.0242283 0.170299
0 0.316469 0.933037 0.0423971 0.121178
0 0.473501 0.943432 0.0213432 0.0542881
0 0.396342 0.94494 0.0205916 0.0574938
0 0.477773 0.451905 0.0245589 0.167356
0 0.473093 0.9429 0.0208551 0.0507077
0 0.395831 0.942257 0.020048 0.0554827
0 0.315799 0.931438 0.0398734 0.122222
0 0.315201 0.927702 0.0425416 0.125871
0 0.473356 0.940604 0.0195386 0.0542853
0 0.39558 0.937474 0.0209651 0.0638672
0 0.476839 0.448284 0.0252846 0.166387
0 0.37922 0.458863 0.0245686 0.170412
0 0.3111 0.88561 0.0396257 0.127585
0 0.391004 0.899121 0.0194969 0.0594577
0 0.467589 0.905224 0.0186464 0.0577274
0 0.487273 0.418235 0.0231473 0.167774
0 0.314056 0.899085 0.0421102 0.132406
0 0.393538 0.908982 0.0201054 0.0573354
0 0.470753 0.909727 0.0195007 0.0525302
0 0.481822 0.420403 0.0234945 0.16986
0 0.31392 0.896268 0.0405049 0.128219
0 0.393587 0.907512 0.0191584 0.0566054
0 0.470861 0.910882 0.0188282 0.0546831
0 0.482993 0.420227 0.0251797 0.170018
0 0.386458 0.425375 0.0239771 0.166182
0 0.4433 0.699682 0.0248835 0.0686633
0 0.372125 0.810805 0.0296752 0.0731789
0 0.525051 0.693058 0.0199082 0.0524855
0 0.33165 0.815966 0.0291437 0.0651978
0 0.316078 0.896472 0.041352 0.133981
0 0.394602 0.906315 0.0185286 0.0590908
0 0.472784 0.908857 0.0199345 0.0566128
0 0.484749 0.420135 0.0240072 0.170809
0 0.386828 0.425897 0.0250562 0.162531
0 0.525142 0.59075 0.0212912 0.0629124
0 0.442961 0.594587 0.0232811 0.067975
0 0.534269 0.244887 0.0240726 0.243088
0 0.36903 0.723751 0.0273958 0.0619015
0 0.221805 0.219629 0.0343578 0.137932
0 0.52577 0.483386 0.0226006 0.065607
0 0.442038 0.484395 0.0263281 0.0754203
0 0.365403 0.613373 0.028738 0.0707002
0 0.185406 0.699829 0.0147761 0.0361567
0 0.440477 0.374409 0.0275867 0.0732191
0 0.525576 0.37114 0.0218874 0.0622911
0 0.362003 0.501806 0.0301645 0.0910899
0 0.317837 0.511556 0.0317943 0.0821238
0 0.535944 0.0580911 0.0273252 0.11114
0 0.437926 0.256039 0.0294733 0.0785836
0 0.525328 0.25358 0.0253249 0.0630169
0 0.441223 0.90888 0.0313442 0.125657
4 0.439647 0.907278 0.0314672 0.125305
0 0.436662 0.126911 0.0316232 0.0740871
0 0.525881 0.125155 0.0291176 0.0597225
0 0.526722 0.823298 0.027693 0.142145
0 0.439734 0.821408 0.0317794 0.1322
0 0.438264 0.727214 0.0303022 0.133844
0 0.350333 0.153985 0.0292471 0.0655938
0 0.434242 0.0113835 0.0209499 0.0227669
0 0.348587 0.0242783 0.0279403 0.0465093
0 0.142423 0.117237 0.0220717 0.0331802
0 0.528035 0.628699 0.0257796 0.152274
0 0.527159 0.518578 0.0211906 0.159554
0 0.626269 0.465239 0.0173309 0.0284489
1 0.400747 0.439197 0.0816969 0.124854
0 0.143642 0.195419 0.0307134 0.0514909
0 0.318856 0.891161 0.0371571 0.0911986
0 0.745559 0.69232 0.0306184 0.118303
0 0.528131 0.406574 0.0229836 0.165349
4 0.596814 0.404113 0.0156348 0.0198737
0 0.747259 0.588904 0.0498305 0.128817
0 0.528567 0.284294 0.0241927 0.178114
0 0.312903 0.803347 0.0372766 0.0836821
0 0.361969 0.791129 0.0411181 0.0947864
0 0.752806 0.477108 0.0473537 0.141487
0 0.309626 0.70347 0.0384708 0.0878611
0 0.75784 0.361898 0.0521831 0.145331
0 0.438898 0.965982 0.0266821 0.068036
0 0.304925 0.598523 0.0392939 0.0958484
4 0.601719 0.0202311 0.0213898 0.0241072
0 0.523581 0.96593 0.0267778 0.0681402
0 0.763849 0.232492 0.0529774 0.150964
0 0.525275 0.903655 0.0275087 0.126791
0 0.524964 0.815458 0.0278517 0.130105
0 0.77314 0.115375 0.0514042 0.140107
0 0.436433 0.823317 0.0328516 0.140161
0 0.77707 0.0188375 0.0302097 0.0362966
0 0.525182 0.608806 0.0235563 0.139265
0 0.525966 0.503015 0.023279 0.139884
0 0.427346 0.398006 0.0275948 0.167977
0 0.619347 0.606247 0.0318594 0.0706968
0 0.0188099 0.072127 0.0376198 0.0782075
0 0.0189025 0.0746165 0.0372082 0.0866544
0 0.020038 0.0730873 0.0397877 0.0881962
0 0.0208135 0.0740546 0.0409234 0.0950023
0 0.0218257 0.0654597 0.0420864 0.079552
0 0.0185553 0.0685003 0.0352067 0.0805006
0 0.0114718 0.0587012 0.0223726 0.0847546
4 0.754291 0.503111 0.0368192 0.0691761
0 0.680294 0.650642 0.0341637 0.0795487
0 0.66396 0.637704 0.0310457 0.0817533
0 0.764288 0.567374 0.0295716 0.0702804
0 0.783442 0.589476 0.0224201 0.0760215
0 0.603904 0.421231 0.0415457 0.104354
0 0.0141308 0.703614 0.0273155 0.0591031
0 0.0344237 0.693704 0.0289401 0.065775
0 0.0739817 0.704145 0.0274552 0.0644026
0 0.137179 0.690208 0.0268575 0.0638363
0 0.0276459 0.398734 0.0540054 0.104512
0 0.171002 0.703568 0.0267183 0.0692301
0 0.537373 0.220621 0.0250309 0.179274
0 0.527903 0.271494 0.0256077 0.156933
0 0.52868 0.152129 0.0307581 0.170092
0 0.429519 0.907652 0.0287239 0.132975
0 0.429501 0.818893 0.0296412 0.141983
0 0.42647 0.724858 0.027882 0.14527
0 0.424997 0.622055 0.0226711 0.148682
0 0.424354 0.513536 0.0198633 0.153937
0 0.51215 0.90068 0.0256239 0.128376
0 0.425408 0.905134 0.0285575 0.119491
0 0.511594 0.808754 0.0269323 0.13445
0 0.422845 0.813062 0.0313944 0.127124
0 0.511118 0.708747 0.0242315 0.138503
0 0.512141 0.605855 0.0246201 0.144011
0 0.417733 0.613128 0.0218786 0.132295
0 0.512072 0.50032 0.0231102 0.149281
0 0.320402 0.933713 0.0289317 0.0751729
0 0.511841 0.388211 0.0233014 0.160736
0 0.311723 0.746853 0.035874 0.0861615
0 0.410043 0.275355 0.0307605 0.156958
0 0.511908 0.274861 0.024486 0.159197
0 0.307811 0.642083 0.0304456 0.092521
0 0.512511 0.14389 0.0257736 0.172709
0 0.408852 0.14954 0.0303032 0.166321
0 0.372908 0.538501 0.0286333 0.103303
0 0.409707 0.522198 0.0316248 0.114436
0 0.3058 0.542252 0.0383514 0.0952294
4 0.585541 0.0328613 0.0247065 0.0299699
0 0.422465 0.972439 0.0293362 0.055122
0 0.503616 0.921806 0.0253489 0.136434
0 0.503264 0.827409 0.0291641 0.14458
0 0.416883 0.829835 0.0350381 0.141743
0 0.400075 0.170145 0.0296771 0.187402
0 0.503745 0.171738 0.0274394 0.184829
0 0.499625 0.969513 0.026495 0.0609743
0 0.370483 0.415873 0.0308339 0.115823
0 0.531701 0.885507 0.0232942 0.183328
0 0.411671 0.930197 0.0248059 0.123751
0 0.499276 0.825445 0.025974 0.146216
0 0.498295 0.725445 0.0242483 0.159116
0 0.497251 0.630298 0.024168 0.160013
0 0.496218 0.521084 0.0251873 0.170548
0 0.402258 0.53856 0.0288979 0.146162
0 0.497455 0.411845 0.0250746 0.181696
0 0.497135 0.294246 0.0267804 0.188859
0 0.498213 0.173465 0.0310375 0.189837
0 0.343316 0.711397 0.029316 0.0928762
0 0.498462 0.0688502 0.0292583 0.1377
0 0.412652 0.974917 0.0241243 0.0501657
0 0.299597 0.499505 0.0353227 0.116454
0 0.497933 0.836344 0.0272106 0.187933
0 0.339422 0.914176 0.0291369 0.0735819
0 0.183575 0.652568 0.0399521 0.0894442
0 0.174827 0.540676 0.04461 0.091918
0 0.165379 0.423301 0.0441756 0.092116
0 0.486464 0.840686 0.025333 0.122359
0 0.156517 0.300033 0.046713 0.101275
0 0.448499 0.971569 0.0240501 0.0510766
0 0.363349 0.169323 0.0324888 0.122332
0 0.533694 0.696359 0.020265 0.193603
0 0.486439 0.748135 0.0291075 0.125745
0 0.149724 0.171 0.0469898 0.104141
0 0.408244 0.919714 0.0184227 0.0368557
0 0.48581 0.649261 0.0234936 0.131409
2 0.13914 0.0479062 0.0457285 0.0891428
0 0.483874 0.549729 0.0210273 0.13825
0 0.404082 0.828653 0.0168907 0.0456876
0 0.40871 0.97782 0.0131949 0.0344604
0 0.483129 0.44161 0.023933 0.145782
0 0.655879 0.741252 0.0238767 0.037187
0 0.482143 0.264003 0.0234287 0.157388
0 0.331213 0.839906 0.0440545 0.138423
0 0.328469 0.791077 0.0458639 0.139635
0 0.481947 0.196047 0.0233974 0.161155
0 0.396819 0.526733 0.017952 0.0442258
0 0.326214 0.696597 0.043996 0.144794
0 0.394154 0.419758 0.0182686 0.039896
0 0.321168 0.588017 0.0435917 0.145307
0 0.315276 0.475761 0.044242 0.149979
0 0.485519 0.854612 0.0220732 0.14902
0 0.391117 0.170614 0.0254063 0.0435218
0 0.397425 0.854418 0.025641 0.150542
0 0.312096 0.362272 0.0460617 0.151114
0 0.384114 0.0375866 0.0211094 0.033809
0 0.485258 0.76509 0.0238558 0.153097
0 0.446436 0.890187 0.0228616 0.0715534
0 0.359793 0.0534122 0.0362771 0.0826846
0 0.524841 0.88527 0.0205359 0.0511624
0 0.303905 0.238556 0.048255 0.159541
0 0.484918 0.55983 0.023536 0.161195
0 0.292139 0.0298912 0.0451677 0.0494248
0 0.308224 0.715085 0.0329934 0.146848
0 0.308898 0.744384 0.0330701 0.0896657
0 0.483752 0.20775 0.029319 0.190078
0 0.481695 0.0190311 0.0232027 0.0380622
0 0.298157 0.507016 0.033507 0.142104
0 0.298174 0.534378 0.0335872 0.0867018
0 0.482141 0.852591 0.0294616 0.141194
0 0.393325 0.861672 0.0317681 0.139564
0 0.293071 0.404695 0.029148 0.118812
0 0.480223 0.760001 0.0308626 0.147952
0 0.280769 0.26548 0.0464514 0.171033
0 0.389444 0.76905 0.031979 0.145833
0 0.479477 0.666126 0.028101 0.148637
0 0.281059 0.183546 0.035558 0.0948634
0 0.534183 0.503487 0.0227194 0.158577
0 0.439634 0.498432 0.0223665 0.215636
4 0.979737 0.527513 0.039164 0.0655029
4 0.860328 0.66324 0.0261536 0.0366239
4 0.440329 0.64948 0.0316588 0.0417593
4 0.689362 0.967636 0.0298815 0.0390386
4 0.651577 0.970136 0.0310314 0.0415859
4 0.618621 0.970207 0.0320868 0.0403588
4 0.924008 0.650687 0.0316254 0.0313504
4 0.491123 0.969842 0.0370808 0.0387869
4 0.989104 0.686372 0.0214901 0.0386128
4 0.976795 0.971068 0.0287879 0.0376677
4 0.406973 0.536086 0.0379414 0.0548915
4 0.913417 0.430689 0.0298035 0.0421388
4 0.9482 0.545688 0.0495308 0.0678361
4 0.966979 0.428493 0.0301607 0.0476628
4 0.967775 0.557678 0.0331213 0.0531891
4 0.819948 0.442382 0.0240502 0.0409442
4 0.988935 0.649026 0.0221295 0.041671
4 0.948747 0.645875 0.038007 0.0450448
4 0.852493 0.649176 0.0327881 0.0412371
4 0.271314 0.561205 0.0263824 0.0429195
4 0.221906 0.566621 0.0261613 0.0397175
0 0.445018 0.791043 0.0231637 0.0682171
0 0.373481 0.901171 0.0283516 0.0641123
0 0.524468 0.786877 0.021485 0.0578779
0 0.43652 0.49319 0.0253882 0.20888
0 0.533727 0.4781 0.0238084 0.219554
0 0.337456 0.906538 0.0273465 0.0550208
0 0.276626 0.050005 0.0362562 0.0874788
0 0.478082 0.555952 0.0237778 0.161361
0 0.472771 0.958828 0.0178129 0.0477051
0 0.395766 0.959655 0.0185515 0.0522549
0 0.477054 0.471832 0.0248554 0.162614
0 0.315087 0.939773 0.0407037 0.0938748
0 0.473455 0.949437 0.0203379 0.0517073
0 0.39676 0.950369 0.0200837 0.0529796
0 0.4777 0.457349 0.0235781 0.172529
0 0.476577 0.455499 0.0261683 0.171665
0 0.473682 0.945942 0.020167 0.0521582
0 0.396523 0.948236 0.0204658 0.052083
0 0.477677 0.453691 0.0242283 0.170299
0 0.316469 0.933037 0.0423971 0.121178
0 0.473501 0.943432 0.0213432 0.0542881
0 0.396342 0.94494 0.0205916 0.0574938
0 0.477773 0.451905 0.0245589 0.167356
0 0.473093 0.9429 0.0208551 0.0507077
0 0.395831 0.942257 0.020048 0.0554827
0 0.315799 0.931438 0.0398734 0.122222
0 0.315201 0.927702 0.0425416 0.125871
0 0.473356 0.940604 0.0195386 0.0542853
0 0.39558 0.937474 0.0209651 0.0638672
0 0.476839 0.448284 0.0252846 0.166387
0 0.37922 0.458863 0.0245686 0.170412
0 0.3111 0.88561 0.0396257 0.127585
0 0.391004 0.899121 0.0194969 0.0594577
0 0.467589 0.905224 0.0186464 0.0577274
0 0.487273 0.418235 0.0231473 0.167774
0 0.314056 0.899085 0.0421102 0.132406
0 0.393538 0.908982 0.0201054 0.0573354
0 0.470753 0.909727 0.0195007 0.0525302
0 0.481822 0.420403 0.0234945 0.16986
0 0.31392 0.896268 0.0405049 0.128219
0 0.393587 0.907512 0.0191584 0.0566054
0 0.470861 0.910882 0.0188282 0.0546831
0 0.482993 0.420227 0.0251797 0.170018
0 0.386458 0.425375 0.0239771 0.166182
0 0.4433 0.699682 0.0248835 0.0686633
0 0.372125 0.810805 0.0296752 0.0731789
0 0.525051 0.693058 0.0199082 0.0524855
0 0.33165 0.815966 0.0291437 0.0651978
0 0.316078 0.896472 0.041352 0.133981
0 0.394602 0.906315 0.0185286 0.0590908
0 0.472784 0.908857 0.0199345 0.0566128
0 0.484749 0.420135 0.0240072 0.170809
0 0.386828 0.425897 0.0250562 0.162531
0 0.525142 0.59075 0.0212912 0.0629124
0 0.442961 0.594587 0.0232811 0.067975
0 0.534269 0.244887 0.0240726 0.243088
0 0.36903 0.723751 0.0273958 0.0619015
0 0.221805 0.219629 0.0343578 0.137932
0 0.52577 0.483386 0.0226006 0.065607
0 0.442038 0.484395 0.0263281 0.0754203
0 0.365403 0.613373 0.028738 0.0707002
0 0.185406 0.699829 0.0147761 0.0361567
0 0.440477 0.374409 0.0275867 0.0732191
0 0.525576 0.37114 0.0218874 0.0622911
0 0.362003 0.501806 0.0301645 0.0910899
0 0.317837 0.511556 0.0317943 0.0821238
0 0.535944 0.0580911 0.0273252 0.11114
0 0.437926 0.256039 0.0294733 0.0785836
0 0.525328 0.25358 0.0253249 0.0630169
0 0.441223 0.90888 0.0313442 0.125657
4 0.439647 0.907278 0.0314672 0.125305
0 0.436662 0.126911 0.0316232 0.0740871
0 0.525881 0.125155 0.0291176 0.0597225
0 0.526722 0.823298 0.027693 0.142145
0 0.439734 0.821408 0.0317794 0.1322
0 0.438264 0.727214 0.0303022 0.133844
0 0.350333 0.153985 0.0292471 0.0655938
0 0.434242 0.0113835 0.0209499 0.0227669
0 0.348587 0.0242783 0.0279403 0.0465093
0 0.142423 0.117237 0.0220717 0.0331802
0 0.528035 0.628699 0.0257796 0.152274
0 0.527159 0.518578 0.0211906 0.159554
0 0.626269 0.465239 0.0173309 0.0284489
1 0.400747 0.439197 0.0816969 0.124854
0 0.143642 0.195419 0.0307134 0.0514909
0 0.318856 0.891161 0.0371571 0.0911986
0 0.745559 0.69232 0.0306184 0.118303
0 0.528131 0.406574 0.0229836 0.165349
4 0.596814 0.404113 0.0156348 0.0198737
0 0.747259 0.588904 0.0498305 0.128817
0 0.528567 0.284294 0.0241927 0.178114
0 0.312903 0.803347 0.0372766 0.0836821
0 0.361969 0.791129 0.0411181 0.0947864
0 0.752806 0.477108 0.0473537 0.141487
0 0.309626 0.70347 0.0384708 0.0878611
0 0.75784 0.361898 0.0521831 0.145331
0 0.438898 0.965982 0.0266821 0.068036
0 0.304925 0.598523 0.0392939 0.0958484
4 0.601719 0.0202311 0.0213898 0.0241072
0 0.523581 0.96593 0.0267778 0.0681402
0 0.763849 0.232492 0.0529774 0.150964
0 0.525275 0.903655 0.0275087 0.126791
0 0.524964 0.815458 0.0278517 0.130105
0 0.77314 0.115375 0.0514042 0.140107
0 0.436433 0.823317 0.0328516 0.140161
0 0.77707 0.0188375 0.0302097 0.0362966
0 0.525182 0.608806 0.0235563 0.139265
0 0.525966 0.503015 0.023279 0.139884
0 0.427346 0.398006 0.0275948 0.167977
0 0.619347 0.606247 0.0318594 0.0706968
0 0.0188099 0.072127 0.0376198 0.0782075
0 0.0189025 0.0746165 0.0372082 0.0866544
0 0.020038 0.0730873 0.0397877 0.0881962
0 0.0208135 0.0740546 0.0409234 0.0950023
0 0.0218257 0.0654597 0.0420864 0.079552
0 0.0185553 0.0685003 0.0352067 0.0805006
0 0.0114718 0.0587012 0.0223726 0.0847546
4 0.754291 0.503111 0.0368192 0.0691761
0 0.680294 0.650642 0.0341637 0.0795487
0 0.66396 0.637704 0.0310457 0.0817533
0 0.764288 0.567374 0.0295716 0.0702804
0 0.783442 0.589476 0.0224201 0.0760215
0 0.603904 0.421231 0.0415457 0.104354
0 0.0141308 0.703614 0.0273155 0.0591031
0 0.0344237 0.693704 0.0289401 0.065775
0 0.0739817 0.704145 0.0274552 0.0644026
0 0.137179 0.690208 0.0268575 0.0638363
0 0.0276459 0.398734 0.0540054 0.104512
0 0.171002 0.703568 0.0267183 0.0692301
0 0.537373 0.220621 0.0250309 0.179274
0 0.527903 0.271494 0.0256077 0.156933
0 0.52868 0.152129 0.0307581 0.170092
0 0.429519 0.907652 0.0287239 0.132975
0 0.429501 0.818893 0.0296412 0.141983
0 0.42647 0.724858 0.027882 0.14527
0 0.424997 0.622055 0.0226711 0.148682
0 0.424354 0.513536 0.0198633 0.153937
0 0.51215 0.90068 0.0256239 0.128376
0 0.425408 0.905134 0.0285575 0.119491
0 0.511594 0.808754 0.0269323 0.13445
0 0.422845 0.813062 0.0313944 0.127124
0 0.511118 0.708747 0.0242315 0.138503
0 0.512141 0.605855 0.0246201 0.144011
0 0.417733 0.613128 0.0218786 0.132295
0 0.512072 0.50032 0.0231102 0.149281
0 0.320402 0.933713 0.0289317 0.0751729
0 0.511841 0.388211 0.0233014 0.160736
0 0.311723 0.746853 0.035874 0.0861615
0 0.410043 0.275355 0.0307605 0.156958
0 0.511908 0.274861 0.024486 0.159197
0 0.307811 0.642083 0.0304456 0.092521
0 0.512511 0.14389 0.0257736 0.172709
0 0.408852 0.14954 0.0303032 0.166321
0 0.372908 0.538501 0.0286333 0.103303
0 0.409707 0.522198 0.0316248 0.114436
0 0.3058 0.542252 0.0383514 0.0952294
4 0.585541 0.0328613 0.0247065 0.0299699
0 0.422465 0.972439 0.0293362 0.055122
0 0.503616 0.921806 0.0253489 0.136434
0 0.503264 0.827409 0.0291641 0.14458
0 0.416883 0.829835 0.0350381 0.141743
0 0.400075 0.170145 0.0296771 0.187402
0 0.503745 0.171738 0.0274394 0.184829
0 0.499625 0.969513 0.026495 0.0609743
0 0.370483 0.415873 0.0308339 0.115823
0 0.531701 0.885507 0.0232942 0.183328
0 0.411671 0.930197 0.0248059 0.123751
0 0.499276 0.825445 0.025974 0.146216
0 0.498295 0.725445 0.0242483 0.159116
0 0.497251 0.630298 0.024168 0.160013
0 0.496218 0.521084 0.0251873 0.170548
0 0.402258 0.53856 0.0288979 0.146162
0 0.497455 0.411845 0.0250746 0.181696
0 0.497135 0.294246 0.0267804 0.188859
0 0.498213 0.173465 0.0310375 0.189837
0 0.343316 0.711397 0.029316 0.0928762
0 0.498462 0.0688502 0.0292583 0.1377
0 0.412652 0.974917 0.0241243 0.0501657
0 0.299597 0.499505 0.0353227 0.116454
0 0.497933 0.836344 0.0272106 0.187933
0 0.339422 0.914176 0.0291369 0.0735819
0 0.183575 0.652568 0.0399521 0.0894442
0 0.174827 0.540676 0.04461 0.091918
0 0.165379 0.423301 0.0441756 0.092116
0 0.486464 0.840686 0.025333 0.122359
0 0.156517 0.300033 0.046713 0.101275
0 0.448499 0.971569 0.0240501 0.0510766
0 0.363349 0.169323 0.0324888 0.122332
0 0.533694 0.696359 0.020265 0.193603
0 0.486439 0.748135 0.0291075 0.125745
0 0.149724 0.171 0.0469898 0.104141
0 0.408244 0.919714 0.0184227 0.0368557
0 0.48581 0.649261 0.0234936 0.131409
2 0.13914 0.0479062 0.0457285 0.0891428
0 0.483874 0.549729 0.0210273 0.13825
0 0.404082 0.828653 0.0168907 0.0456876
0 0.40871 0.97782 0.0131949 0.0344604
0 0.483129 0.44161 0.023933 0.145782
0 0.655879 0.741252 0.0238767 0.037187
0 0.482143 0.264003 0.0234287 0.157388
0 0.331213 0.839906 0.0440545 0.138423
0 0.328469 0.791077 0.0458639 0.139635
0 0.481947 0.196047 0.0233974 0.161155
0 0.396819 0.526733 0.017952 0.0442258
0 0.326214 0.696597 0.043996 0.144794
0 0.394154 0.419758 0.0182686 0.039896
0 0.321168 0.588017 0.0435917 0.145307
0 0.315276 0.475761 0.044242 0.149979
0 0.485519 0.854612 0.0220732 0.14902
0 0.391117 0.170614 0.0254063 0.0435218
0 0.397425 0.854418 0.025641 0.150542
0 0.312096 0.362272 0.0460617 0.151114
0 0.384114 0.0375866 0.0211094 0.033809
0 0.485258 0.76509 0.0238558 0.153097
0 0.446436 0.890187 0.0228616 0.0715534
0 0.359793 0.0534122 0.0362771 0.0826846
0 0.524841 0.88527 0.0205359 0.0511624
0 0.303905 0.238556 0.048255 0.159541
0 0.484918 0.55983 0.023536 0.161195
0 0.292139 0.0298912 0.0451677 0.0494248
0 0.308224 0.715085 0.0329934 0.146848
0 0.308898 0.744384 0.0330701 0.0896657
0 0.483752 0.20775 0.029319 0.190078
0 0.481695 0.0190311 0.0232027 0.0380622
0 0.298157 0.507016 0.033507 0.142104
0 0.298174 0.534378 0.0335872 0.0867018
0 0.482141 0.852591 0.0294616 0.141194
0 0.393325 0.861672 0.0317681 0.139564
0 0.293071 0.404695 0.029148 0.118812
0 0.480223 0.760001 0.0308626 0.147952
0 0.280769 0.26548 0.0464514 0.171033
0 0.389444 0.76905 0.031979 0.145833
0 0.479477 0.666126 0.028101 0.148637
0 0.281059 0.183546 0.035558 0.0948634
